t 2 4 255 255 255 1 0 1 0 0 0 1 1 0 -0 -0 -0 -0
-3.1 -3.8416 -20.5900
-3.1 -3.8416 -30.7600
3.1 -3.8416 -30.7600
3.1 -3.8416 -20.5900
0 1 2
0 2 3

l 0 3.7 -20 255 255 255 1 2 4 -0 -0 0 0 1 -0 -0 -0 -0
-3.1 -3.8416 -20.5900
0.1 -3.8416 -20.5900
-3.1 -2.23 -20.5900
0.1 -2.23 -20.5900
1 2 3
0 1 2

l 0 3.7 -20 255 255 255 1 2 4 -0 -0 0 0 1 -0 -0 -0 -0
2.1 -3.8416 -20.5900
1.1 -3.8416 -20.5900
2.1 -2.23 -20.5900
1.1 -2.23 -20.5900
1 2 3
0 1 2

l 0 3.7 -20 255 255 255 1 2 4 -0 -0 0 0 1 -0 -0 -0 -0
-3.1 -3.8416 -30.5900
0.1 -3.8416 -30.5900
-3.1 -2.23 -30.5900
0.1 -2.23 -30.5900
1 2 3
0 1 2

l 0 3.7 -20 255 255 255 1 2 4 -0 -0 0 0 1 -0 -0 -0 -0
-3.1 1.8416 -30.5900
0.1 1.8416 -30.5900
-3.1 -1.23 -30.5900
0.1 -1.23 -30.5900
1 2 3
0 1 2

l 0 3.7 -20 255 255 255 1 2 4 -0 -0 0 0 1 -0 -0 -0 -0
2.1 -3.8416 -30.5900
1.1 -3.8416 -30.5900
2.1 -2.23 -30.5900
1.1 -2.23 -30.5900
1 2 3
0 1 2

l 0 3.7 -20 255 255 255 1 2 4 -0 -0 0 0 1 -0 -0 -0 -0
4.1 -3.8416 -26.7600
4.1 -3.8416 -23.7600
4.1 -2.23 -23.7600
4.1 -2.23 -26.7600
0 2 3
0 1 2

l 0 3.7 -20 255 255 255 1 2 4 -0 -0 0 0 1 -0 -0 -0 -0
-4.1 -3.8416 -26.7600
-4.1 -3.8416 -23.7600
-4.1 -2.23 -23.7600
-4.1 -2.23 -26.7600
0 2 3
0 1 2

t 12 8 226 0 0 1 0 0 0 0 44 1 1 1.5 -0 -0 -0 -0
0.1 -2.84 -26.76
-1.1 -2.84 -26.76
-1.1 -3.84 -26.76
0.1 -3.84 -26.76
0.1 -2.84 -25.76
-1.1 -2.84 -25.76
-1.1 -3.84 -25.76
0.1 -3.84 -25.76
0 1 2
0 2 3
1 2 5
2 5 6
2 6 7
2 3 7
0 4 7
3 0 7
0 1 4
5 4 1
4 5 6
4 6 7

t 12 8 250 0 200 0.2 0 0 0.8 0 44 1 1 1 -0 -0 -0 -0
1 -3.34 -27
1.5 -3.34 -27
1.5 -3.83 -27
1 -3.83 -27
1 -3.34 -26.5
1.5 -3.34 -26.5
1.5 -3.83 -26.5
1 -3.83 -26.5
0 1 2
0 2 3
1 2 5
2 5 6
2 6 7
2 3 7
0 4 7
3 0 7
0 1 4
5 4 1
4 5 6
4 6 7

t 12 8 250 0 200 0.2 0 0 0 0.8 44 1 1 1 -0 -0 -0 -0
0.9 -3.34 -26.26
0.4 -3.34 -26.26
0.4 -3.83 -26.26
0.9 -3.83 -26.26
0.9 -3.34 -25.76
0.4 -3.34 -25.76
0.4 -3.83 -25.76
0.9 -3.83 -25.76
0 1 2
0 2 3
1 2 5
2 5 6
2 6 7
2 3 7
0 4 7
3 0 7
0 1 4
5 4 1
4 5 6
4 6 7

t 12 8 90 230 0 1 0 0 0 0 44 1 1 1 -0 -0 -0 -0
1 -3.34 -25.2
1.5 -3.34 -25.2
1.5 -3.84 -25.2
1 -3.84 -25.2
1 -3.34 -24.7
1.5 -3.34 -24.7
1.5 -3.84 -24.7
1 -3.84 -24.7
0 1 2
0 2 3
1 2 5
2 5 6
2 6 7
2 3 7
0 4 7
3 0 7
0 1 4
5 4 1
4 5 6
4 6 7

t 12 8 0 250 0 0.2 0 0 0 0.8 44 1 1 1.5 -0 -0 -0 -0
0.9 -3.34 -24.5
0.4 -3.34 -24.5
0.4 -3.83 -24.5
0.9 -3.83 -24.5
0.9 -3.34 -24.0
0.4 -3.34 -24.0
0.4 -3.83 -24.0
0.9 -3.83 -24.0
0 1 2
0 2 3
1 2 5
2 5 6
2 6 7
2 3 7
0 4 7
3 0 7
0 1 4
5 4 1
4 5 6
4 6 7

t 12 8 0 50 200 1 0 0 0 0 44 1 1 1.5 -0 -0 -0 -0
0.1 -3.34 -25.0
-0.4 -3.34 -25.0
-0.4 -3.84 -25.0
0.1 -3.84 -25.0
0.1 -3.34 -24.5
-0.4 -3.34 -24.5
-0.4 -3.84 -24.5
0.1 -3.84 -24.5
0 1 2
0 2 3
1 2 5
2 5 6
2 6 7
2 3 7
0 4 7
3 0 7
0 1 4
5 4 1
4 5 6
4 6 7

t 12 8 226 30 0 1 0 0 0 0 44 1 1 1.5 -0 -0 -0 -0
-0.6 -3.34 -24.5
-1.1 -3.34 -24.5
-1.1 -3.84 -24.5
-0.6 -3.84 -24.5
-0.6 -3.34 -24.0
-1.1 -3.34 -24.0
-1.1 -3.84 -24.0
-0.6 -3.84 -24.0
0 1 2
0 2 3
1 2 5
2 5 6
2 6 7
2 3 7
0 4 7
3 0 7
0 1 4
5 4 1
4 5 6
4 6 7

c 80 45 4 0 1 0   3 -2 -21   0 -3.2 -25.35 1 3 30
a 255 255 255 255 255 255 0 3 12
n 0 0 0 0 0 0 0 0 0 0 0
