l 0 3.7 -20 255 255 255 1 2 4 -0 -0 0 0 30 -0 -0 -0 -0
-80.8220 -3.8416 20.5900
-80.8220 -3.8416 -170.7600
60.8220 -3.8416 -170.7600
60.8220 -3.8416 20.5900
0 1 2
0 2 3

t 2 4 255 255 255 0.2 0 0 0.8 0 0 1 1 0 -0 -0 -0 -0
-1.420 -3.8416 -24.7600
-3.12 -3.8416 -23.7600
-3.12 -1.23 -23.7600
-1.420 -1.23 -24.7600
0 1 2
0 2 3

t 2 4 255 255 255 0.2 0 0 0.8 0 0 1 1 0 -0 -0 -0 -0
1.420 -3.8416 -24.7600
3.12 -3.8416 -23.7600
3.12 -1.23 -23.7600
1.420 -1.23 -24.7600
0 1 2
0 2 3

t 2 4 255 255 255 0.2 0 0 0.8 0 0 1 1 0 -0 -0 -0 -0
-1.1 -3.8416 -25.7600
1.1 -3.8416 -25.7600
-1.1 -1.23 -25.7600
1.1 -1.23 -25.7600
0 1 2
1 2 3

l 0 3.7 -20 255 255 255 1 2 4 -0 -0 0 0 30 -0 -0 -0 -0
-10.1 -3.8416 -30.7600
10.1 -3.8416 -30.7600
-10.1 5.23 -30.7600
10.1 5.23 -30.7600
1 2 3
0 1 2

s 0 -3.2416 -21.7600 0.6 226 78 27 1 0 0 0 0 44 1 1 1.5

c 320 180 3 0 1 0   0 -2 -16    0 -3.2416 -21.7600 1 3 30
a 1 1 1 0 3 12
n 0 0 0 0 0 0 0 0 0 0 0
