t 2 4 255 255 255 1 0 1 0 0 0 1 1 0 -0 -0 -0 -0
-3.1 -3.8416 -20.5900
-3.1 -3.8416 -30.7600
3.1 -3.8416 -30.7600
3.1 -3.8416 -20.5900
0 1 2
0 2 3

l 0 3.7 -20 255 255 255 1 2 4 -0 -0 0 0 1 -0 -0 -0 -0
-3.1 -3.8416 -20.5900
0.1 -3.8416 -20.5900
-3.1 -2.23 -20.5900
0.1 -2.23 -20.5900
1 2 3
0 1 2

l 0 3.7 -20 255 255 255 1 2 4 -0 -0 0 0 1 -0 -0 -0 -0
2.1 -3.8416 -20.5900
1.1 -3.8416 -20.5900
2.1 -2.23 -20.5900
1.1 -2.23 -20.5900
1 2 3
0 1 2

l 0 3.7 -20 255 255 255 1 2 4 -0 -0 0 0 1 -0 -0 -0 -0
-3.1 -3.8416 -30.5900
0.1 -3.8416 -30.5900
-3.1 -2.23 -30.5900
0.1 -2.23 -30.5900
1 2 3
0 1 2

l 0 3.7 -20 255 255 255 1 2 4 -0 -0 0 0 1 -0 -0 -0 -0
2.1 -3.8416 -30.5900
1.1 -3.8416 -30.5900
2.1 -2.23 -30.5900
1.1 -2.23 -30.5900
1 2 3
0 1 2

l 0 3.7 -20 255 255 255 1 2 4 -0 -0 0 0 1 -0 -0 -0 -0
4.1 -3.8416 -26.7600
4.1 -3.8416 -23.7600
4.1 -2.23 -23.7600
4.1 -2.23 -26.7600
0 2 3
0 1 2

l 0 3.7 -20 255 255 255 1 2 4 -0 -0 0 0 1 -0 -0 -0 -0
-4.1 -3.8416 -26.7600
-4.1 -3.8416 -23.7600
-4.1 -2.23 -23.7600
-4.1 -2.23 -26.7600
0 2 3
0 1 2

s -0.02 -3.0416 -27.1 0.8 0 50 200 0.4 0 0 0.6 0 44 1 1 1.5
s -1.4 -3.0416 -26.35 0.8 90 230 0 0.4 0 0 0.6 0 44 1 1 1.5

s 0.7 -3.6416 -28.12 0.2 0 0 200 1 0 0 0 0 44 1 1 1.5
s 0.8 -3.6416 -26.7 0.2 250 0 200 1 0 0 0 0 44 1 1 1.5
s 0 -3.6416 -26.35 0.2 90 230 0 0.3 0 0 0 0.7 44 1 1 1
s -0.3 -3.6416 -25.8 0.2 250 0 0 1 0 0 0 0 44 1 1 1.5
s -0.68 -3.6416 -25.6 0.2 25 5 0 0.1 0 0 0 0.9 44 1 1 1.5
s -1.2 -3.6416 -25.0 0.2 90 230 0 1 0 0 0 0 44 1 1 1.5
s -3 -3.6416 -26.35 0.2 0 230 0 0.2 0 0 0.8 0 44 1 1 1.5

c 80 45 4 0 1 0   2 -2 -22    0 -2.8 -25.35 1 3 30
a 255 255 255 255 255 255 0 3 12
n 0 0 0 0 0 0 0 0 0 0 0
